timestamps:
  login: 1381813263322
  logout: 1381813274866
ipAddress: 54.200.29.38
logoutlocation:
  world: world
  x: 41.675794162881445
  y: 73.0
  z: 553.0223402505343
  yaw: -204.54378
  pitch: 36.493755
