timestamps:
  login: 1382291885350
  logout: 1382292198351
ipAddress: 24.179.182.194
logoutlocation:
  world: world
  x: 657.2179497547821
  y: 63.0
  z: 413.7219284701225
  yaw: -194.89001
  pitch: -1.7999705
