spawns: 
  default: 
    world: world
    x: 532.5495183194347
    y: 74.0
    z: 158.69999998807907
    yaw: 18.449636
    pitch: 90.0
